best network:
[  7.00,  12.00,  13.00,   8.00,  11.00,   9.00, 100.00,   0.10,   0.20, ]
fitness value:  75.12

best network:
[ 13.00,  20.00,  13.00,   8.00,  13.00,   2.00, 100.00,   0.90,   0.30, ]
fitness value:  76.17

best network:
[  8.00,  29.00,  12.00,   4.00,  12.00,  10.00, 100.00,   0.70,   0.90, ]
fitness value:  79.81

best network:
[ 20.00,  17.00,  12.00,   9.00,   7.00,  10.00, 100.00,   0.30,   0.90, ]
fitness value:  80.77

best network:
[ 20.00,  17.00,  12.00,   9.00,   7.00,  10.00, 100.00,   0.30,   0.90, ]
fitness value:  80.77

best network:
[ 20.00,  17.00,  12.00,   9.00,   7.00,  10.00, 100.00,   0.10,   0.90, ]
fitness value:  81.21

best network:
[ 17.00,  21.00,  13.00,  10.00,  12.00,   2.00, 100.00,   0.10,   0.80, ]
fitness value:  82.74

best network:
[ 20.00,  22.00,  12.00,  10.00,   7.00,  10.00, 100.00,   0.10,   0.80, ]
fitness value:  84.72

best network:
[ 20.00,  22.00,  12.00,  10.00,   7.00,  10.00, 100.00,   0.10,   0.80, ]
fitness value:  84.72

best network:
[ 20.00,  22.00,  12.00,  10.00,   7.00,  10.00, 100.00,   0.10,   0.80, ]
fitness value:  84.72

best network:
[ 20.00,  22.00,  12.00,  10.00,   7.00,  10.00, 100.00,   0.10,   0.80, ]
fitness value:  84.72

best network:
[ 20.00,  22.00,  12.00,  10.00,   7.00,  10.00, 100.00,   0.10,   0.80, ]
fitness value:  84.72

best network:
[ 20.00,  22.00,  12.00,  10.00,   7.00,  10.00, 100.00,   0.10,   0.80, ]
fitness value:  84.72

best network:
[ 20.00,  22.00,  12.00,  10.00,   7.00,  10.00, 100.00,   0.10,   0.80, ]
fitness value:  84.72

best network:
[ 20.00,  22.00,  12.00,  10.00,   7.00,  10.00, 100.00,   0.10,   0.80, ]
fitness value:  84.72

best network:
[ 20.00,  22.00,  12.00,  10.00,   7.00,  10.00, 100.00,   0.10,   0.80, ]
fitness value:  84.72

best network:
[ 20.00,  22.00,  12.00,  10.00,   7.00,  10.00, 100.00,   0.10,   0.80, ]
fitness value:  84.72

best network:
[ 20.00,  22.00,  12.00,  10.00,   7.00,  10.00, 100.00,   0.10,   0.80, ]
fitness value:  84.72

best network:
[ 20.00,  22.00,  12.00,  10.00,   7.00,  10.00, 100.00,   0.10,   0.80, ]
fitness value:  84.72

best network:
[ 20.00,  22.00,  12.00,  10.00,   7.00,  10.00, 100.00,   0.10,   0.80, ]
fitness value:  84.72

best network:
[ 20.00,  22.00,  12.00,  10.00,   7.00,  10.00, 100.00,   0.10,   0.80, ]
fitness value:  84.72

best network:
[ 20.00,  22.00,  12.00,  10.00,   7.00,  10.00, 100.00,   0.10,   0.80, ]
fitness value:  84.72

best network:
[ 20.00,  22.00,  12.00,  10.00,   7.00,  10.00, 100.00,   0.10,   0.80, ]
fitness value:  84.72

best network:
[ 20.00,  22.00,  12.00,  10.00,   7.00,  10.00, 100.00,   0.10,   0.80, ]
fitness value:  84.72

best network:
[ 20.00,  22.00,  12.00,  10.00,   7.00,  10.00, 100.00,   0.10,   0.80, ]
fitness value:  84.72

best network:
[ 20.00,  22.00,  12.00,  10.00,   7.00,  10.00, 100.00,   0.10,   0.80, ]
fitness value:  84.72

best network:
[ 20.00,  29.00,  12.00,  10.00,  12.00,  10.00, 100.00,   0.10,   0.80, ]
fitness value:  84.81

best network:
[ 20.00,  29.00,  12.00,  10.00,  12.00,  10.00, 100.00,   0.10,   0.80, ]
fitness value:  84.81

best network:
[ 20.00,  29.00,  12.00,  10.00,  12.00,  10.00, 100.00,   0.10,   0.80, ]
fitness value:  84.81

best network:
[ 20.00,  29.00,  12.00,  10.00,  12.00,  10.00, 100.00,   0.10,   0.80, ]
fitness value:  84.81

best network:
[ 20.00,  29.00,  12.00,  10.00,  12.00,  10.00, 100.00,   0.10,   0.80, ]
fitness value:  84.81

best network:
[ 20.00,  29.00,  12.00,  10.00,  12.00,  10.00, 100.00,   0.10,   0.80, ]
fitness value:  84.81

best network:
[ 20.00,  29.00,  12.00,  10.00,  12.00,  10.00, 100.00,   0.10,   0.80, ]
fitness value:  84.81

best network:
[ 20.00,  29.00,  12.00,  10.00,  12.00,  10.00, 100.00,   0.10,   0.80, ]
fitness value:  84.81

best network:
[ 20.00,  29.00,  12.00,  10.00,  12.00,  10.00, 100.00,   0.10,   0.80, ]
fitness value:  84.81

best network:
[ 20.00,  29.00,  12.00,  10.00,  12.00,  10.00, 100.00,   0.10,   0.80, ]
fitness value:  84.81

best network:
[ 20.00,  29.00,  12.00,  10.00,  12.00,  10.00, 100.00,   0.10,   0.80, ]
fitness value:  84.81

best network:
[ 20.00,  29.00,  12.00,  10.00,  12.00,  10.00, 100.00,   0.10,   0.80, ]
fitness value:  84.81

best network:
[ 20.00,  29.00,  12.00,  10.00,  12.00,  10.00, 100.00,   0.10,   0.80, ]
fitness value:  84.81

best network:
[ 20.00,  29.00,  12.00,  10.00,  12.00,  10.00, 100.00,   0.10,   0.80, ]
fitness value:  84.81

best network:
[ 20.00,  29.00,  12.00,  10.00,  12.00,  10.00, 100.00,   0.10,   0.80, ]
fitness value:  84.81

best network:
[ 20.00,  29.00,  12.00,  10.00,  12.00,  10.00, 100.00,   0.10,   0.80, ]
fitness value:  84.81

best network:
[ 20.00,  29.00,  12.00,  10.00,  12.00,  10.00, 100.00,   0.10,   0.80, ]
fitness value:  84.81

best network:
[ 20.00,  29.00,  12.00,  10.00,  12.00,  10.00, 100.00,   0.10,   0.80, ]
fitness value:  84.81

best network:
[ 20.00,  29.00,  12.00,  10.00,  12.00,  10.00, 100.00,   0.10,   0.80, ]
fitness value:  84.81

best network:
[ 20.00,  29.00,  12.00,  10.00,  12.00,  10.00, 100.00,   0.10,   0.80, ]
fitness value:  84.81

best network:
[ 20.00,  29.00,  12.00,  10.00,  12.00,  10.00, 100.00,   0.10,   0.80, ]
fitness value:  84.81

best network:
[ 20.00,  29.00,  12.00,  10.00,  12.00,  10.00, 100.00,   0.10,   0.80, ]
fitness value:  84.81

best network:
[ 20.00,  29.00,  12.00,  10.00,  12.00,  10.00, 100.00,   0.10,   0.80, ]
fitness value:  84.81

best network:
[ 20.00,  29.00,  12.00,  10.00,  12.00,  10.00, 100.00,   0.10,   0.80, ]
fitness value:  84.81

best network:
[ 20.00,  29.00,  12.00,  10.00,  12.00,  10.00, 100.00,   0.10,   0.80, ]
fitness value:  84.81

best network:
[ 20.00,  29.00,  12.00,  10.00,  12.00,  10.00, 100.00,   0.10,   0.80, ]
fitness value:  84.81

best network:
[ 20.00,  29.00,  12.00,  10.00,  12.00,  10.00, 100.00,   0.10,   0.80, ]
fitness value:  84.81

best network:
[ 20.00,  29.00,  12.00,  10.00,  12.00,  10.00, 100.00,   0.10,   0.80, ]
fitness value:  84.81

best network:
[ 20.00,  29.00,  12.00,  10.00,  12.00,  10.00, 100.00,   0.10,   0.80, ]
fitness value:  84.81

best network:
[ 20.00,  29.00,  12.00,  10.00,  12.00,  10.00, 100.00,   0.10,   0.80, ]
fitness value:  84.81

best network:
[ 20.00,  29.00,  12.00,  10.00,  12.00,  10.00, 100.00,   0.10,   0.80, ]
fitness value:  84.81

best network:
[ 20.00,  29.00,  12.00,  10.00,  12.00,  10.00, 100.00,   0.10,   0.80, ]
fitness value:  84.81

best network:
[ 20.00,  29.00,  12.00,  10.00,  12.00,  10.00, 100.00,   0.10,   0.80, ]
fitness value:  84.81

best network:
[ 20.00,  29.00,  12.00,  10.00,  12.00,  10.00, 100.00,   0.10,   0.80, ]
fitness value:  84.81

best network:
[ 20.00,  29.00,  12.00,  10.00,  12.00,  10.00, 100.00,   0.10,   0.80, ]
fitness value:  84.81

best network:
[ 20.00,  29.00,  12.00,  10.00,  12.00,  10.00, 100.00,   0.10,   0.80, ]
fitness value:  84.81

best network:
[ 20.00,  29.00,  12.00,  10.00,  12.00,  10.00, 100.00,   0.10,   0.80, ]
fitness value:  84.81

best network:
[ 20.00,  29.00,  12.00,  10.00,  12.00,  10.00, 100.00,   0.10,   0.80, ]
fitness value:  84.81

best network:
[ 20.00,  29.00,  12.00,  10.00,  12.00,  10.00, 100.00,   0.10,   0.80, ]
fitness value:  84.81

